425
328
750
260
624
63
692
853
161
96
231
740
282
209
109
497
605
829
587
254
574
532
511
439
484
550
194
345
356
380
728
575
551
759
219
233
509
848
798
562
39
501
240
871
130
128
26
652
342
374
473
641
359
166
33
856
338
435
267
54
207
758
75
767
0
414
370
637
525
273
403
739
567
477
320
643
698
393
782
387
724
493
619
126
349
197
584
248
679
244
869
590
164
683
559
142
793
534
157
57
363
787
875
177
304
801
764
32
189
406
680
253
288
468
225
645
747
766
358
270
314
786
849
192
811
706
113
810
663
530
256
538
690
16
738
421
631
520
760
548
378
636
770
279
757
281
742
769
70
595
470
669
600
45
295
114
555
121
444
677
579
488
452
634
465
472
661
671
865
820
298
286
1
283
336
307
611
272
42
603
830
41
251
666
323
613
247
361
514
437
331
785
528
487
252
426
285
318
343
28
173
794
44
768
18
133
326
699
651
274
628
772
808
309
861
505
379
531
763
235
789
552
478
139
616
851
492
184
5
462
365
593
467
417
828
223
594
540
49
179
115
542
6
61
86
324
106
215
842
397
204
805
570
200
396
187
840
232
297
83
386
601
423
102
154
466
162
620
852
646
867
269
266
675
268
316
460
122
228
38
238
79
775
504
385
834
335
92
36
210
568
515
339
153
689
108
597
201
713
676
822
642
496
257
589
705
870
284
707
66
862
549
107
749
239
686
390
35
783
715
300
748
9
813
537
565
74
305
384
816
322
860
655
399
527
441
442
682
443
355
696
418
475
37
463
506
198
771
87
424
199
660
366
635
710
855
654
175
135
127
502
97
461
731
98
438
171
95
580
105
55
125
449
622
623
80
776
744
797
474
563
529
4
31
78
647
687
180
598
723
271
588
11
814
29
291
803
30
77
357
725
733
22
688
569
561
334
377
317
701
293
216
236
674
100
183
453
836
13
566
146
626
521
485
790
40
746
354
224
375
229
15
469
564
277
681
665
657
508
250
218
649
523
557
751
362
21
381
296
656
638
779
873
835
395
839
709
518
205
876
89
546
222
754
71
337
847
490
27
112
846
221
577
826
819
145
412
69
147
700
43
629
668
446
62
51
533
237
788
576
503
52
872
325
711
573
670
68
407
301
82
280
176
777
315
684
129
821
558
729
48
388
844
242
737
99
818
455
212
432
138
697
131
67
401
433
14
795
332
20
178
430
351
799
368
165
261
191
630
471
457
88
344
859
353
76
781
10
382
12
276
583
519
541
841
606
408
837
753
659
119
402
263
230
621
394
451
143
843
422
780
850
149
736
333
752
639
827
193
24
618
858
599
440
398
275
483
241
53
615
694
137
214
708
743
163
123
632
124
400
174
735
169
500
486
132
118
152
479
494
294
719
170
329
23
672
226
544
458
411
658
726
151
391
156
262
535
721
874
592
264
327
704
693
211
773
420
360
220
160
413
409
434
227
762
516
755
306
168
609
103
536
610
159
812
640
428
104
64
716
311
136
292
352
547
167
824
791
459
255
321
581
313
491
582
419
554
445
234
476
464
807
431
140
410
556
489
553
303
141
627
831
806
612
498
745
691
158
778
25
617
330
58
289
144
695
134
7
265
116
450
784
91
832
120
720
185
543
480
481
522
607
188
774
833
571
72
348
756
517
512
392
93
46
110
796
526
172
596
604
712
213
495
510
524
734
181
186
436
34
73
59
727
2
56
346
3
845
278
243
761
347
259
182
81
685
823
206
741
714
350
8
585
429
117
84
817
319
308
800
94
864
625
653
857
667
404
802
246
389
507
364
644
290
499
217
376
148
866
17
513
302
111
648
340
545
373
312
405
732
572
664
868
369
447
372
245
456
482
208
673
454
202
586
310
371
602
650
47
383
765
19
815
195
825
65
578
838
792
90
614
50
190
678
60
633
258
722
560
809
662
196
702
717
703
287
591
804
299
101
341
863
416
730
415
539
85
718
608
367
427
203
155
249
854
448
